1000000 100000 43909 0.231550 500000 100000
1000000 100000 43909 0.372040 500000 100000
1000000 100000 37632 0.093598 500000 100000
1000000 100000 36159 0.073765 500000 100000
1000000 100000 36893 0.081729 500000 100000
1000000 100000 39672 0.109843 500000 100000
1000000 100000 43909 0.201961 500000 100000
1000000 100000 43909 0.202379 500000 100000
1000000 100000 13 0.225395
1000000 100000 39615 0.109688 500000 100000
1000000 100000 20806 0.089735 500000 100000
1000000 100000 6193 0.080344 500000 100000
1000000 100000 37089 0.089161 500000 100000
1000000 100000 43909 0.194756 500000 100000
1000000 100000 34518 0.075709 500000 100000
1000000 100000 43909 0.076961 500000 100000
1000000 100000 43909 0.081646 500000 100000
1000000 100000 43909 0.084749 500000 100000
1000000 100000 43909 0.090885 500000 100000
1000000 100000 43909 0.109540 500000 100000
1000000 100000 43909 0.200342 500000 100000
1000000 100000 43909 0.077207 500000 100000
1000000 100000 43909 0.075815 500000 100000
1000000 100000 43909 0.200834 500000 100000
1000000 100000 43909 0.216237 500000 100000
1000000 100000 43909 0.204684 500000 100000
1000000 100000 43909 0.445104 500000 100000
1000000 100000 43909 6.893488 500000 100000
1000000 100000 43909 0.445295 500000 100000
1000000 100000 43909 0.426600 500000 100000
1000000 100000 43909 0.196301 500000 100000
1000000 100000 43909 0.191998 500000 100000
1000000 100000 43909 0.195019 500000 100000
1000000 100000 43909 0.225119 500000 100000
1000000 100000 43909 0.212028 500000 100000
1000000 100000 43909 0.202698 500000 100000
1000000 100000 43909 0.420287 500000 100000
1000000 100000 43909 0.199613 500000 100000
1000000 100000 43909 0.213366 500000 100000
1000000 100000 43909 0.232715 500000 100000
1000000 100000 43909 0.207015 500000 100000
1000000 100000 43909 0.427286 500000 100000
1000000 100000 43909 0.427749 500000 100000
1000000 100000 43909 0.464653 500000 100000
1000000 100000 43909 0.244530 500000 100000
1000000 100000 43909 0.187647 500000 100000
1000000 100000 43909 0.189438 500000 100000
1000000 100000 43909 0.453015 500000 100000
1000000 100000 43909 0.253825 500000 100000
1000000 100000 43909 0.237074 500000 100000
1000000 100000 43909 0.488660 500000 100000
1000000 100000 43909 0.255525 500000 100000
1000000 100000 43909 0.260819 500000 100000
1000000 100000 43909 0.334215 500000 100000
1000000 100000 43909 0.303651 500000 100000
1000000 100000 43909 0.298671 500000 100000
1000000 100000 43909 0.485147 500000 100000
1000000 100000 43909 0.237394 500000 100000
1024 100000 3447 0.020230 512 100
1024 100000 3447 0.013587 512 100
1024 100000 3447 0.006667 512 100
1024 100000 3447 0.006847 512 100
10000 100000 9717 0.117460 5000 10000
10000 100000 9717 0.184311 5000 10000
10000 100000 9717 0.076782 5000 10000
