1000000 100000 43909 0.191290 500000 100000
1000000 100000 27566 0.432187 500000 100000
1000000 100000 27567 0.029943 500000 100000
1000000 100000 22065 0.066899 500000 100000
1000000 100000 29272 0.034676 500000 100000
1000000 100000 36087 0.050412 500000 100000
1000000 100000 43909 0.115843 500000 100000
1000000 100000 43909 0.111343 500000 100000
1000000 100000 13 0.153445
1000000 100000 35515 0.051221 500000 100000
1000000 100000 13663 0.031357 500000 100000
1000000 100000 2727 0.040504 500000 100000
1000000 100000 27540 0.030870 500000 100000
1000000 100000 43909 0.110073 500000 100000
1000000 100000 30816 0.040010 500000 100000
1000000 100000 43909 0.033388 500000 100000
1000000 100000 43909 0.035537 500000 100000
1000000 100000 43909 0.036181 500000 100000
1000000 100000 43909 0.031176 500000 100000
1000000 100000 43909 0.053250 500000 100000
1000000 100000 43909 0.106837 500000 100000
1000000 100000 43909 0.031172 500000 100000
1000000 100000 43909 0.037523 500000 100000
1000000 100000 43909 0.113792 500000 100000
1000000 100000 43909 0.127211 500000 100000
1000000 100000 43909 0.091263 500000 100000
1000000 100000 43909 0.102652 500000 100000
1000000 100000 43909 0.088574 500000 100000
1000000 100000 43909 0.090602 500000 100000
1000000 100000 43909 0.084235 500000 100000
1000000 100000 43909 0.085180 500000 100000
1000000 100000 43909 0.089607 500000 100000
1000000 100000 43909 0.114573 500000 100000
1000000 100000 43909 0.102157 500000 100000
1000000 100000 43909 0.082206 500000 100000
1000000 100000 43909 0.084187 500000 100000
1000000 100000 43909 0.106885 500000 100000
1000000 100000 43909 0.028188 500000 100000
1000000 100000 43909 0.033106 500000 100000
1000000 100000 43909 0.048573 500000 100000
1000000 100000 43909 0.027882 500000 100000
1000000 100000 43909 0.107968 500000 100000
1000000 100000 43909 0.100567 500000 100000
1000000 100000 43909 0.126040 500000 100000
1000000 100000 43909 0.055830 500000 100000
1000000 100000 43909 0.032624 500000 100000
1000000 100000 43909 0.032565 500000 100000
1000000 100000 43909 0.110694 500000 100000
1000000 100000 43909 0.061509 500000 100000
1000000 100000 43909 0.045224 500000 100000
1000000 100000 43909 0.083860 500000 100000
1000000 100000 43909 0.048779 500000 100000
1000000 100000 43909 0.056197 500000 100000
1000000 100000 43909 0.029370 500000 100000
1000000 100000 43909 0.035623 500000 100000
1000000 100000 43909 0.050244 500000 100000
1000000 100000 43909 0.125514 500000 100000
1000000 100000 43909 0.037191 500000 100000
1024 100000 3447 0.024619 512 100
1024 100000 3447 0.006693 512 100
1024 100000 3447 0.003065 512 100
1024 100000 3447 0.002954 512 100
10000 100000 9717 0.015822 5000 10000
10000 100000 9717 0.023566 5000 10000
10000 100000 9717 0.007110 5000 10000
