100000000 100000 81539 0.368802 50000000 10000
100000000 100000 81539 0.351926 50000000 10000
100000000 100000 81539 0.298901 50000000 10000
100000000 100000 81539 0.170998 50000000 10000
100000000 100000 81539 0.179145 50000000 10000
100000000 100000 81539 0.311049 50000000 10000
100000000 100000 81539 0.160664 50000000 10000
100000000 100000 81539 0.195727 50000000 10000
100000000 100000 81539 0.116514 50000000 10000
10000 100000 10881 0.028276 5000 10000
100000 100000 45170 0.038260 50000 10000
1000000 100000 68085 0.047028 500000 10000
10000000 100000 71709 0.078063 5000000 10000
