1000000 100000 19774 0.059885 500000 100000
1000000 100000 19818 0.062242 500000 100000
1000000 100000 19928 0.063555 500000 100000
1000000 100000 19717 0.071167 500000 100000
1000000 100000 19715 0.058438 500000 100000
1000000 100000 31858 0.094090 500000 100000
1000000 100000 43909 0.172652 500000 100000
1000000 100000 43909 0.177894 500000 100000
1000000 100000 13 0.193781
1000000 100000 31869 0.093104 500000 100000
1000000 100000 10083 0.064218 500000 100000
1000000 100000 4843 0.066954 500000 100000
1000000 100000 43909 0.060148 500000 100000
1000000 100000 43909 0.199614 500000 100000
1000000 100000 43909 0.060298 500000 100000
1000000 100000 43909 0.060358 500000 100000
1000000 100000 43909 0.062235 500000 100000
1000000 100000 43909 0.064902 500000 100000
1000000 100000 43909 0.059665 500000 100000
1000000 100000 43909 0.092756 500000 100000
1000000 100000 43909 0.195702 500000 100000
1000000 100000 43909 0.060384 500000 100000
1000000 100000 43909 0.058714 500000 100000
1000000 100000 43909 0.178296 500000 100000
1000000 100000 43909 0.181637 500000 100000
1000000 100000 43909 0.169433 500000 100000
1000000 100000 43909 0.181413 500000 100000
1000000 100000 43909 0.188838 500000 100000
1000000 100000 43909 0.176519 500000 100000
1000000 100000 43909 0.170634 500000 100000
1000000 100000 43909 0.178928 500000 100000
1000000 100000 43909 0.184962 500000 100000
1000000 100000 43909 0.174661 500000 100000
1000000 100000 43909 0.170138 500000 100000
1000000 100000 43909 0.170086 500000 100000
1000000 100000 43909 0.170013 500000 100000
1000000 100000 43909 0.175083 500000 100000
1000000 100000 43909 0.058383 500000 100000
1000000 100000 43909 0.063133 500000 100000
1000000 100000 43909 0.090686 500000 100000
1000000 100000 43909 0.059623 500000 100000
1000000 100000 43909 0.172068 500000 100000
1000000 100000 43909 0.178073 500000 100000
1000000 100000 43909 0.181236 500000 100000
1000000 100000 43909 0.089760 500000 100000
1000000 100000 43909 0.060107 500000 100000
1000000 100000 43909 0.058739 500000 100000
1000000 100000 43909 0.178308 500000 100000
1000000 100000 43909 0.106031 500000 100000
1000000 100000 43909 0.107963 500000 100000
1000000 100000 43909 0.175196 500000 100000
1000000 100000 43909 0.090168 500000 100000
1000000 100000 43909 0.084820 500000 100000
1000000 100000 43909 0.058523 500000 100000
1000000 100000 43909 0.059117 500000 100000
1000000 100000 43909 0.091036 500000 100000
1000000 100000 43909 0.176612 500000 100000
1000000 100000 43909 0.075835 500000 100000
1024 100000 3447 0.019849 512 100
1024 100000 3447 0.006548 512 100
1024 100000 3447 0.002562 512 100
1024 100000 3447 0.002573 512 100
10000 100000 9717 0.024454 5000 10000
10000 100000 9717 0.056990 5000 10000
10000 100000 9717 0.019406 5000 10000
