100000000 100000 81539 0.164158 50000000 10000
100000000 100000 81539 0.175148 50000000 10000
100000000 100000 81539 0.088526 50000000 10000
100000000 100000 81539 0.084910 50000000 10000
100000000 100000 81539 0.047503 50000000 10000
100000000 100000 81539 0.087980 50000000 10000
100000000 100000 81539 0.108148 50000000 10000
100000000 100000 81539 0.059313 50000000 10000
100000000 100000 81539 0.077153 50000000 10000
10000 100000 10881 0.034949 5000 10000
100000 100000 45170 0.037417 50000 10000
1000000 100000 68085 0.038919 500000 10000
10000000 100000 71709 0.090366 5000000 10000
