100000000 100000 81539 0.205316 50000000 10000
100000000 100000 81539 0.210384 50000000 10000
100000000 100000 81539 0.172597 50000000 10000
100000000 100000 81539 0.092043 50000000 10000
100000000 100000 81539 0.119381 50000000 10000
100000000 100000 81539 0.171644 50000000 10000
100000000 100000 81539 0.084174 50000000 10000
100000000 100000 81539 0.131282 50000000 10000
100000000 100000 81539 0.128219 50000000 10000
10000 100000 10881 0.058325 5000 10000
100000 100000 45170 0.068173 50000 10000
1000000 100000 68085 0.080127 500000 10000
10000000 100000 71709 0.079619 5000000 10000
